30949 wrong out of 100000
69.051%

syn0: [[19.75363254285437, -35.61776702734419, -0.32284433874375856, 3.53302741782417], [14.794457596683579, -3.2755928464634216, -20.207124502278496, 41.35150203298026], [-21.742732221500457, 19.505565037819082, -12.17580348833008, 37.2369237867567]] 
syn1: [[-33.51063805014664], [49.262076702935936], [-63.24548257127255], [20.533755572159503]]

Iterations: 4001 

