11169 wrong out of 100000
88.831%

syn0: [[-2.0571803422952883, -3.2173465803258177, -14.929822925896316, 26.504728151489964], [-15.117173985980108, -13.998947484168342, 3.019987348175398, -1.3276380058237272], [-11.389695982805874, 10.978683185293368, -11.08052851296817, -17.540282668806146]] 
syn1: [[-44.66141981661787], [39.40396174367055], [-44.01960318114312], [-32.68383570895954]]

Iterations: 3130 

