4235 wrong out of 100000
95.765%

syn0: [[14.178326856427425, 24.647924293700324, -16.133908826488074, 7.391932382622783], [-29.910107943701583, -23.731242453182155, -8.762082468779656, 11.745658703923171], [-27.14776169771327, 29.00220485079322, -14.565583805825957, -10.172852420633095]] 
syn1: [[-47.93771184077923], [42.86854420800316], [-46.49284792849595], [-45.43370189118743]]

Iterations: 3810 

