3651 wrong out of 100000
96.349%

syn0: [[3.80414777237117, 17.76394224399869, -2.5024944636504958, 19.654757091149197], [13.064767108570706, -1.5966702464889801, -16.93536954547614, -3.0567827335521676], [-10.427062598705932, 12.857392058741969, -12.590917573930495, -15.78367932240642]] 
syn1: [[-19.78462909883947], [18.8193742478097], [-20.64656931152133], [-19.407631273509022]]

Iterations: 16 

