3583 wrong out of 100000
96.417%

syn0: [[17.870322434207324, 18.2637398781631, -0.4035796067095832, -0.11069028997248007], [2.898023395227558, 0.30915971794056135, -19.1999209816996, 19.61173804056829], [-13.86450398804518, 12.146850325938027, -13.267427891031808, -15.145376295389653]] 
syn1: [[-34.06688964295576], [31.80096860831384], [-34.345684947824864], [-34.747944821501996]]

Iterations: 1 

