3367 wrong out of 100000
96.633%

syn0: [[45.47689302481682, -4.962248097409776, 3.2426670854318527, 59.00188706340322], [26.75692411036736, 9.120654296207313, -9.569844018844579, 20.459371696212905], [-43.4625979154794, -4.922666303124021, -6.496226699293179, 52.8952777997429]] 
syn1: [[-93.738822982049], [-95.53631671886426], [-97.47683839552604], [93.85457023319633]]

Iterations: 401 

