3193 wrong out of 100000
96.807%

syn0: [[13.490023855044573, -11.11006410739604, -11.675412050442196, -27.1879201957575], [-7.505324777760919, 12.61781698664598, -18.591756964699076, -40.594398852323266], [-9.312333343809652, -11.821819750001437, -18.089337225029585, 44.639045323115816]] 
syn1: [[-74.97135342858087], [-78.62786872622382], [-77.73475915902199], [73.66012622425839]]

Iterations: 637 

