277 wrong out of 10000
97.23%

syn0: [[7.980339326115856, -21.046806619190427, -5.690066374155979, -20.623617090962156], [-7.065061202858432, -24.260333074638783, 5.912214814789795, -20.097265257148344], [-6.892040099702754, 27.999554200749163, -5.180816918860196, -24.78636872371886]] 
syn1: [[-46.82236987296527], [42.751243290472864], [-46.088347735951224], [-44.472365110452586]]

Iterations: 55 

