2602 wrong out of 100000
97.398%

syn0: [[13.639092273898475, 0.5294664408357064, -1.296341878919826, 13.437626476606319], [-0.8250210238668207, 15.009929505191172, -15.951988779802178, -1.854264646616814], [-10.117926538487152, -11.958935808611713, -11.273713530574426, 8.465733494764944]] 
syn1: [[-19.649766587784626], [-19.67698398173613], [-18.600325828724625], [18.07935648187243]]

Iterations: 4 

