2336 wrong out of 100000
97.664%

syn0: [[4.844330379544579, 13.58369004226515, -14.331659450493216, 11.359055924676989], [-23.446296982542883, -30.232672003196928, -3.357197715013168, 5.010929347053683], [-17.15987027606855, 27.023046519762453, -10.574528922299027, -9.097673143400245]] 
syn1: [[-52.08466173146188], [50.662393709163695], [-52.158640121558406], [-53.82923281678523]]

Iterations: 53 

