2327 wrong out of 100000
97.673%

syn0: [[-1.4257309644303962, 3.005935194409071, -16.418654745139474, 17.792721190450898], [19.174503585499238, 55.310920261549725, -4.122986276456345, -1.4840090798543881], [-14.134848289016858, 50.46767432200603, -10.89792539130956, -10.852673965354091]] 
syn1: [[-109.67703269661334], [107.26622708486882], [-109.98733300898911], [-107.83381018433292]]

Iterations: 117 

