229 wrong out of 10000
97.71%

syn0: [[-38.45322343710356, -19.089781834601133, -25.948744865402386, 23.648501329395433, -33.957482021980226, -57.59784778471666, 7.1391516268008255, -24.735118910003248], [6.88351399541947, 19.91361478409395, -16.603737412069126, 22.599391745665102, -16.755107966465445, 3.54094334256093, -14.129596693851777, 21.547938497155315], [-38.09384194115317, -24.988121246880155, -28.365621032338034, -27.34687766119769, -34.29882761018932, 55.3556688279931, -11.899301268789985, -24.9597370003173]] 
syn1: [[-11.817621112759104], [-14.293217447345024], [-15.277979291049583], [-26.99968272181047], [-14.48754230648402], [23.802963962050267], [-27.217709353274373], [-15.398557281190373]]

Iterations: 3 

