2280 wrong out of 100000
97.72%

syn0: [[16.0980134468519, 32.648212547829715, -0.6006274033196002, -1.1815642285938155], [0.3729496331930914, 3.74241213533952, -16.836324718510866, 13.776125835097526], [-12.790935271282734, 25.065503939389753, -11.902762366634233, -10.292788559815222]] 
syn1: [[-39.02724473295107], [35.56431306538519], [-38.27294800490224], [-39.062338374731425]]

Iterations: 3328 

