2219 wrong out of 100000
97.781%

syn0: [[20.899721541001142, -5.545162288443548, -16.027594684437616, -1.5453218340789237], [-2.957534939217145, -38.756088542387786, 0.47047909070241467, -21.169208821958375], [-15.233212291440429, 26.089767856464036, -13.063744105701064, -16.36284315814899]] 
syn1: [[-50.76666794376841], [48.62830729828188], [-51.181604460412], [-50.795780763520675]]

Iterations: 2 

