206 wrong out of 10000
97.94%

syn0: [[-0.08374926745674442, 24.279811862735286, -13.125929956595689, -5.137679513412754], [12.565984680246775, 0.9310496636770885, -0.6159808297510694, 31.840979173752167], [-8.886743418847233, -20.395489881881513, -9.20923292520041, 23.55732974715711]] 
syn1: [[-76.16148310485934], [-74.2479887439514], [-76.9171167670844], [73.47795412909413]]

Iterations: 1354 

