192 wrong out of 10000
98.08%

syn0: [[-0.43633016149996734, -1.4743254371961685, -15.425640802487104, 18.576769320094744], [-21.225083876920507, -26.46203434778223, 0.6346989649110901, -2.082255565106795], [-15.964356043864267, 19.706048493294194, -9.921181416602035, -13.041328109314541]] 
syn1: [[-86.38810253571987], [84.78578090222412], [-87.70802754720097], [-86.73954834332737]]

Iterations: 15 

