178 wrong out of 10000
98.22%

syn0: [[0.32502174472090617, -31.52222121144461, 1.257042486415699, -26.30672724641996], [15.89148793626255, -6.379398523634486, -11.811195112094005, 0.657594004178249], [-12.024630341831326, 23.98220184641559, -6.845456169643077, -19.900316743447025]] 
syn1: [[-123.42765742306773], [120.07548008339253], [-123.64297978288792], [-120.41310116792728]]

Iterations: 19 

