177 wrong out of 10000
98.23%

syn0: [[13.38910980044928, 34.46199865830313, -1.307955906299009, -1.50971735937535], [1.8339828033168708, -9.761063500171465, -12.384706145062678, 16.177146850676483], [-8.494651666105652, 28.871383764906792, -7.083314861731539, -12.585484550610168]] 
syn1: [[-92.14025690857369], [91.40985329051588], [-93.92966104179985], [-93.23356279220938]]

Iterations: 1477 

