175 wrong out of 10000
98.25%

syn0: [[4.7184936884754345, 3.5668812418665476, -14.243030944699388, 16.604533944505413], [-21.712616831524688, -25.855018027111655, -3.847539145779853, 0.6299788470024608], [-17.540085497220762, 18.377476384603447, -9.526986420324517, -11.654218474524736]] 
syn1: [[-84.78833935641228], [84.0967002568881], [-86.1988079890938], [-87.51578429914035]]

Iterations: 17 

