1775 wrong out of 100000
98.225%

syn0: [[-13.727801334818253, 2.830147384948832, 2.6669984005406393, 15.617324460842832], [-2.5640166418586166, -23.856511466157848, -14.506562469237503, 3.0532966216958974], [-10.08758613639838, 16.310400780974636, -10.645133404985282, -12.502353605223067]] 
syn1: [[-34.15097799700386], [31.217850496097245], [-34.06906724063126], [-33.69102001636616]]

Iterations: 181 

