161 wrong out of 10000
98.39%

syn0: [[7.169468880718285, 17.15331054044351, 9.882825710871916, -15.91795892197157], [19.195477517033773, 24.050034303615437, -6.671970702539998, 6.086098435440745], [-14.462681338981232, 23.731066999641307, -6.715824594005738, -12.05829271733299]] 
syn1: [[-102.5160989786803], [100.86036489869782], [-103.45389852888263], [-102.30347977857298]]

Iterations: 2456 

