170 wrong out of 10000
98.3%

syn0: [[-24.37827464827794, 2.7219398060765285, -0.1776865353155446, -48.76229509724918], [-2.0508713812568633, -17.101968023846688, 12.682171502044989, -3.9036309179427424], [-18.102710470743435, -11.947513853169314, -8.046115799164484, 40.92992262042549]] 
syn1: [[-76.64529084099507], [-79.18921385340582], [-78.15923490809101], [76.34855244200315]]

Iterations: 84 

