169 wrong out of 10000
98.31%

syn0: [[1.124618185692431, -2.588059561509118, -20.903944737872482, -27.408912712586304], [-13.214800887506101, 16.034798754216233, -0.7509965762848128, -6.145739969435808], [-9.82276326163512, -12.871593032387766, -16.2240659065445, 19.527158142453683]] 
syn1: [[-56.18734019608112], [-55.71878476671432], [-53.4546303784659], [52.32966286304502]]

Iterations: 1688 

