153 wrong out of 10000
98.47%

syn0: [[18.912855074644888, -1.0157107991655336, 2.3472321223903, -14.989941231614322], [0.5489264448504487, -27.803366370586627, -19.076374166053984, 0.9877952769393379], [-14.324153122168605, 20.598647795363714, -13.292517854953791, -9.461271786724083]] 
syn1: [[-106.53290034660557], [104.47115283616462], [-105.04381330481922], [-107.4679474132511]]

Iterations: 245 

