154 wrong out of 10000
98.46%

syn0: [[2.364889959002222, -10.894397653279603, 18.993933722625925, -1.4698613998314212], [-15.601949861254312, -0.3585868038206263, -0.014968231899728263, -16.81555655891407], [-11.603394576323918, -6.623355960987359, -14.481452058421526, 11.178944947376124]] 
syn1: [[-50.76483063305584], [-50.771710977307656], [-49.43091690853945], [49.31647124589095]]

Iterations: 417 

