155 wrong out of 10000
98.45%

syn0: [[11.000592143501123, 29.890337443789328, -9.211988705826972, 4.917320805801678], [-5.065872434925317, -3.8239354158991334, -22.82433667723734, 12.198130082479661], [-8.278114647252968, 20.048186259896084, -20.543330835040138, -8.777674269219508]] 
syn1: [[-139.42421567704545], [136.64130315882787], [-139.00565686887637], [-138.82836935462308]]

Iterations: 715 

