149 wrong out of 10000
98.51%

syn0: [[-13.535459731592821, -4.387750277616397, -5.377198021346168, 14.605262505480507], [2.920277873736866, -31.006084840274585, -22.130191875335917, -3.4595137134216043], [-9.452780323040695, 23.340454345789126, -18.131964388966423, -9.151392643554674]] 
syn1: [[-89.11350735401592], [86.90215653997474], [-87.94046960506542], [-88.72172774492233]]

Iterations: 30 

