139 wrong out of 10000
98.61%

syn0: [[-0.423193735271023, 26.44402525831975, 24.46239696585301, 0.9077859979433516], [19.58202680189283, 0.704991153488084, 1.6782311113499049, -18.066690890424418], [-14.45474751249901, 18.1033809562165, -17.056998952723706, -12.039483147622745]] 
syn1: [[-111.71172219880387], [109.8430973977259], [-109.85752988941927], [-111.69157374082486]]

Iterations: 1038 

