131 wrong out of 10000
98.69%

syn0: [[-23.5210828824315, -29.75324368956815, 4.357247406954471, -1.1825606588453954], [5.091375018368517, 2.2685618086035544, 19.61243137694446, -12.6362665064694], [-17.600197187419177, 22.936531143659824, -14.741210814759308, -7.8259607383312675]] 
syn1: [[-110.02056101831666], [109.43662443159938], [-112.99440226367784], [-111.49309992932139]]

Iterations: 668 

