1354 wrong out of 100000
98.646%

syn0: [[17.805113861585887, 31.011689918055623, 1.5050890010242117, -6.469242272990492], [4.812917734570152, 9.714550345884215, -15.856108989048312, 12.733524304929846], [-12.113342006835456, 27.623663464181227, -10.250613447690359, -8.702976695281565]] 
syn1: [[-129.83117965903668], [129.19626820343248], [-131.84818874662722], [-131.13874241621082]]

Iterations: 1475 

