127 wrong out of 10000
98.73%

syn0: [[0.8902890389154591, 1.3293843547346973, 19.252004933698547, 27.69359158677681], [19.67463097005881, -17.45319944679977, 0.852502584984745, -2.0879466166387974], [-15.691941244648648, -12.542892473331287, -14.364903298877714, 16.560160134789164]] 
syn1: [[-113.61669849220947], [-111.82420971618576], [-112.28099046233838], [109.99515805207507]]

Iterations: 292 

