13 wrong out of 1000
98.7%

syn0: [[-9.048537587335392, 62.88917710228902, 6.899877423106682, 26.08667981145919], [20.23178662178858, 23.233510466885644, -11.774568783524963, 16.234759462001737], [-18.25912723295156, 50.86296475899785, -8.844663807675378, -24.003673543250716]] 
syn1: [[-166.02347986533562], [159.49712344855232], [-162.50143160288368], [-160.86045060147595]]

Iterations: 560 

