129 wrong out of 10000
98.71%

syn0: [[-16.902669173023693, -22.235163842056092, -0.06071293554734092, 0.35558279005889953], [0.027854023254821052, -2.0656004376186514, 15.984893633030001, -12.825323452246845], [-12.057181451121938, 14.8883953082205, -12.376911708685327, -9.106254231718786]] 
syn1: [[-36.962690520509604], [35.84300753846032], [-36.714820693618826], [-37.56901017105353]]

Iterations: 217 

