76 wrong out of 10000
99.24%

syn0: [[23.392663608878014, 19.389672714330505, -15.305474872066766, -0.21113686845072624, -17.658064594715995, 9.328201293500271], [8.172444432374, 5.703245699359439, -16.360028896906336, -27.581578484852376, 6.624740421035036, -16.64773679560374], [-25.546850070123973, -14.352908825371985, -18.81912524242799, 22.47394914894356, -15.999070796938616, -15.898944925043617]] 
syn1: [[-10.902237976193124], [-28.359210249971262], [-32.45617704603572], [31.10183771085687], [-32.44369265313642], [-33.326840807656694]]

Iterations: 7 

