39 wrong out of 10000
99.61%

syn0: [[-27.263915515872853, -6.995159970957174, 24.709379713170144, -12.447098966082187, 17.24295867911108, -14.3897262979056], [-7.371714066402879, -26.74652882790786, -22.53689143660933, -41.62964980646496, 6.632753902724631, 17.652600865702325], [-25.053014739001412, -23.1400540236604, -29.801841143991552, 39.41039148952101, -15.903749597715306, -19.987906937389248]] 
syn1: [[-40.53353424380038], [-39.482102293180795], [-41.76078922039539], [38.668789248475804], [-42.318759579820494], [-42.43804333387029]]

Iterations: 2 

