31 wrong out of 10000
99.69%

syn0: [[-1.0677280938597182, -9.368778000864916, -22.098535191914795, -8.71285824570613, 9.564920475024351, 8.792083090099391, -22.515412969776047, 24.92699432340459, 21.901563798403505, 0.36382340537302027], [25.25322494558788, 22.211408707943274, 6.542597634913896, 14.668442696085906, 19.512127919943367, -10.607234750051129, -16.929827022171885, 8.291838081340623, -15.159186715367092, 16.024757108563204], [22.38181660108416, -22.392000973827333, -21.714631763311296, -4.621507050123662, -20.42511052453794, -4.211690612878593, -25.632312618049983, -23.78602946788582, -24.408465009457288, 3.022845575537052]] 
syn1: [[24.496041178393316], [-14.923847776979105], [-14.890122881532553], [-9.538574327138804], [-14.848471422422742], [-1.820954550436362], [-26.970613194052223], [-21.78256024756109], [-24.887453442453598], [-4.429737260704357]]

Iterations: 1 

