28 wrong out of 10000
99.72%

syn0: [[-21.225265014572123, -17.303361591362812, 0.19560553249230062, -8.922249643062415, -21.936179470589593, 17.78057009061881, 4.616347973096697, -17.76038524001651, 16.073799097031273, 0.863141697309068], [0.7807965681248247, 18.698198100196894, -16.816410167541324, -17.53468549916604, -9.972290296853009, -5.324616434812346, 25.824226602863867, -6.931844409608519, -17.387582491457987, 3.7400052459142628], [-19.395793185458718, -23.375677900627185, -15.711761663046026, -17.122196601302786, 21.094430698459824, -18.55442067412805, -23.693238669363016, -16.088263013916972, -20.33675061759716, -2.7760291131276196]] 
syn1: [[-13.620219191721276], [-21.964048119411363], [-11.597678732408742], [-16.32704914506867], [20.831924658228925], [-11.582833827298247], [-21.40902376383234], [-10.60619654636669], [-18.840593756777967], [-2.555256608504051]]

Iterations: 1 

