29 wrong out of 10000
99.71%

syn0: [[-23.83375170859625, -17.321557908467753, -16.905666665619634, 17.798170513112492, -3.2104823103465034, -31.33775823616934, 6.421599827114496, -0.06970580504422814], [2.4850695818595305, 6.99712213622856, -18.453693924371112, 9.876985538716543, 15.953727290694603, 13.159892379070511, -21.581281205432887, 23.760450531705587], [-21.839183783553022, -14.878854083632918, -22.143033529981984, -17.777509000082006, -11.14655465885094, 30.629187919999662, -19.91923839349836, -21.91937887038669]] 
syn1: [[-13.172521032983404], [-12.125856807361396], [-25.205782147203557], [-24.993788467500668], [-12.09356734208973], [23.016444188140046], [-24.993000300585837], [-13.313765720041683]]

Iterations: 1 

