17 wrong out of 10000
99.83%

syn0: [[24.00683169042202, 34.84162422162565, -23.36517387623072, -28.4023989890425, -33.01749905198405, -37.757041817091455, -2.847229010630212, 24.794759185000604, 4.464450651091788, 5.066736830796913], [26.736818011418162, 7.245049964158923, -29.418023623372314, 24.036615317668506, 24.549047868081846, -4.074117598070369, 35.712273923108405, -3.095686675623339, -31.492823280318223, 29.34709923238726], [-32.90703363318081, -33.38305211502643, -34.827707796506346, -34.74516037393459, 37.97734139847005, -35.013404948682314, -34.28602394891025, -23.796158473434755, -29.54773383002259, -23.142726335276354]] 
syn1: [[-17.424921837771358], [-21.4132442733534], [-28.46914374169137], [-28.478249627460215], [26.193299494654212], [-28.15549399500003], [-17.45108529593681], [-10.640374560776754], [-28.883171244712294], [-11.396951727034777]]

Iterations: 1 

